Country,Year,Poorest decile (before tax),2nd decile (before tax),3rd decile (before tax),4th decile (before tax),5th decile (before tax),6th decile (before tax),7th decile (before tax),8th decile (before tax),9th decile (before tax),Richest decile (before tax)
Afghanistan,1980,,,,,,,,,,
Afghanistan,1981,,,,,,,,,,
Afghanistan,1982,,,,,,,,,,
Afghanistan,1983,,,,,,,,,,
Afghanistan,1984,,,,,,,,,,
Afghanistan,1985,,,,,,,,,,
Afghanistan,1986,,,,,,,,,,
Afghanistan,1987,,,,,,,,,,
Afghanistan,1988,,,,,,,,,,
Afghanistan,1989,,,,,,,,,,
Afghanistan,1990,,,,,,,,,,
Afghanistan,1991,,,,,,,,,,
Afghanistan,1992,,,,,,,,,,
Afghanistan,1993,,,,,,,,,,
Afghanistan,1994,,,,,,,,,,
Afghanistan,1995,,,,,,,,,,
Afghanistan,1996,,,,,,,,,,
Afghanistan,1997,,,,,,,,,,
Afghanistan,1998,,,,,,,,,,
Afghanistan,1999,,,,,,,,,,
Afghanistan,2000,,,,,,,,,,
Afghanistan,2001,,,,,,,,,,
Afghanistan,2002,,,,,,,,,,
Afghanistan,2003,,,,,,,,,,
Afghanistan,2004,,,,,,,,,,
Afghanistan,2005,,,,,,,,,,
Afghanistan,2006,,,,,,,,,,
Afghanistan,2007,,,,,,,,,,
Afghanistan,2008,1.88,3.01,3.79,4.7400002,5.69,7.0600004,8.940001,10.25,13.67,40.97
Afghanistan,2009,,,,,,,,,,
Afghanistan,2010,,,,,,,,,,
Afghanistan,2011,,,,,,,,,,
Afghanistan,2012,1.98,3.3100002,4.36,5.2799997,6.05,7.23,9.089999,10.74,14.110001,37.86
Afghanistan,2013,,,,,,,,,,
Afghanistan,2014,,,,,,,,,,
Afghanistan,2015,,,,,,,,,,
Afghanistan,2016,,,,,,,,,,
Afghanistan,2017,2.05,3.21,4.04,4.87,5.59,6.7100005,8.74,10.43,13.93,40.43
Afghanistan,2022,2.05,3.2,4.03,4.86,5.58,6.7000003,8.7300005,10.41,13.9,40.54
Afghanistan,2023,2.05,3.22,4.05,4.88,5.61,6.73,8.77,10.46,13.959999,40.27
Africa (WID),1980,0.25,0.74,1.2900001,2.07,3.1599998,4.58,6.33,8.89,14.679999,57.99
Africa (WID),1981,0.25,0.75,1.3100001,2.1,3.2,4.66,6.48,9.089999,14.89,57.260002
Africa (WID),1982,0.25,0.74,1.3000001,2.07,3.2,4.68,6.53,9.16,14.830001,57.230003
Africa (WID),1983,0.25,0.74,1.3000001,2.04,3.1399999,4.63,6.47,9.059999,14.35,58.02
Africa (WID),1984,0.25,0.74,1.3000001,2.0300002,3.11,4.63,6.56,9.25,14.849999,57.28
Africa (WID),1985,0.24000001,0.71999997,1.28,2.01,3.1,4.63,6.5399995,9.23,14.86,57.39
Africa (WID),1986,0.25,0.76,1.3299999,2.08,3.1800003,4.7400002,6.64,9.35,14.910001,56.770004
Africa (WID),1987,0.26,0.78999996,1.37,2.11,3.19,4.75,6.68,9.440001,15.06,56.339996
Africa (WID),1988,0.25,0.76,1.3399999,2.09,3.1800003,4.78,6.7100005,9.51,15.09,56.28
Africa (WID),1989,0.26,0.77,1.3399999,2.08,3.17,4.75,6.69,9.4800005,15.0199995,56.43
Africa (WID),1990,0.26,0.78999996,1.36,2.1,3.2,4.78,6.7100005,9.55,15.09,56.17
Africa (WID),1991,0.26,0.78,1.3399999,2.07,3.15,4.71,6.6200004,9.51,14.87,56.67
Africa (WID),1992,0.26,0.77,1.3199999,2.06,3.1399999,4.73,6.68,9.570001,15.070001,56.4
Africa (WID),1993,0.28,0.8,1.36,2.09,3.1399999,4.76,6.81,9.690001,15.13,55.93
Africa (WID),1994,0.27,0.77,1.3199999,2.04,3.1,4.7,6.7599998,9.6,14.9800005,56.46
Africa (WID),1995,0.27,0.78,1.3199999,2.0300002,3.07,4.65,6.7400002,9.68,15.16,56.28
Africa (WID),1996,0.29,0.82,1.38,2.09,3.12,4.66,6.64,9.53,14.97,56.489998
Africa (WID),1997,0.31,0.85,1.4000001,2.1,3.12,4.58,6.5,9.37,14.830001,56.940002
Africa (WID),1998,0.32,0.89,1.4499999,2.16,3.1800003,4.6,6.47,9.3,14.7300005,56.89
Africa (WID),1999,0.34,0.92,1.5,2.2,3.19,4.5299997,6.3600006,9.16,14.58,57.21
Africa (WID),2000,0.34,0.92,1.49,2.19,3.15,4.4700003,6.3,9.099999,14.54,57.5
Africa (WID),2001,0.34,0.92,1.49,2.2,3.17,4.5099998,6.33,9.11,14.5199995,57.410004
Africa (WID),2002,0.35000002,0.92,1.49,2.2,3.2,4.5499997,6.3600006,9.12,14.43,57.38
Africa (WID),2003,0.35000002,0.93,1.5,2.22,3.21,4.5699997,6.3600006,9.089999,14.38,57.38
Africa (WID),2004,0.35999998,0.95,1.53,2.25,3.26,4.62,6.4,9.089999,14.34,57.22
Africa (WID),2005,0.35999998,0.96000004,1.55,2.28,3.3,4.65,6.42,9.099999,14.360001,57.010002
Africa (WID),2006,0.37,0.97,1.56,2.29,3.2699997,4.5699997,6.34,9.0199995,14.280001,57.35
Africa (WID),2007,0.37,0.99,1.5799999,2.3,3.23,4.5099998,6.3,9.0199995,14.370001,57.32
Africa (WID),2008,0.38,0.99,1.5900002,2.33,3.2900002,4.62,6.44,9.23,14.599999,56.519997
Africa (WID),2009,0.38,1.01,1.62,2.38,3.3799999,4.73,6.61,9.45,14.79,55.64
Africa (WID),2010,0.37,1,1.64,2.4,3.4,4.77,6.68,9.570001,14.839999,55.32
Africa (WID),2011,0.38,1.03,1.68,2.45,3.4499998,4.84,6.7400002,9.62,14.900001,54.9
Africa (WID),2012,0.39,1.04,1.67,2.41,3.39,4.73,6.57,9.38,14.63,55.79
Africa (WID),2013,0.39,1.03,1.67,2.43,3.41,4.76,6.5800004,9.34,14.53,55.86
Africa (WID),2014,0.41,1.07,1.71,2.47,3.4699998,4.81,6.6200004,9.37,14.5199995,55.549995
Africa (WID),2015,0.41,1.07,1.71,2.48,3.48,4.82,6.6200004,9.38,14.51,55.519997
Africa (WID),2016,0.42,1.07,1.71,2.47,3.48,4.82,6.65,9.43,14.5,55.440002
Africa (WID),2017,0.43,1.09,1.73,2.51,3.52,4.87,6.7000003,9.4800005,14.56,55.1
Africa (WID),2018,0.43,1.1,1.76,2.53,3.56,4.9,6.7100005,9.45,14.46,55.1
Africa (WID),2019,0.44,1.11,1.77,2.56,3.5900002,4.94,6.7500005,9.49,14.49,54.84
Africa (WID),2020,0.44,1.12,1.78,2.56,3.6,4.98,6.84,9.58,14.599999,54.5
Africa (WID),2021,0.43,1.1,1.76,2.52,3.5300002,4.87,6.73,9.47,14.51,55.08
Africa (WID),2022,0.43,1.1,1.75,2.52,3.52,4.86,6.7400002,9.51,14.58,55
Africa (WID),2023,0.42,1.07,1.73,2.5,3.5100002,4.8500004,6.73,9.51,14.57,55.1
Albania,1996,0.14,2.02,4.4,5.81,7.19,8.59,10.47,12.74,16.599998,32.04
Albania,2002,0.2,1.86,4.04,5.68,7.01,8.51,10.22,12.790001,16.84,32.85
Albania,2005,0.2,1.94,4.22,5.79,7.19,8.62,10.26,12.8,16.779999,32.210003
Albania,2008,0.2,2.08,4.3900003,5.82,7.1500006,8.66,10.360001,12.8,16.64,31.880001
Albania,2012,0.19,2.1,4.38,5.84,7.13,8.51,10.16,12.6,16.45,32.65
Albania,2015,0.24000001,1.9300001,3.6899998,5.46,6.7400002,7.99,9.690001,12.32,16.42,35.54
Albania,2016,0.24000001,1.9200001,3.6299999,5.47,6.78,8.09,9.83,12.48,16.66,34.89
Albania,2017,0.24000001,1.91,3.6299999,5.47,6.81,8.08,9.82,12.46,16.619999,34.96
Albania,2018,0.24000001,1.91,3.64,5.4900002,6.83,8.1,9.84,12.49,16.67,34.78
Albania,2022,0.24000001,1.94,3.68,5.55,6.91,8.18,9.929999,12.59,16.769999,34.2
Albania,2023,0.24000001,1.94,3.6699998,5.54,6.89,8.17,9.91,12.559999,16.73,34.35
Algeria,1980,,,,,,,,,,
Algeria,1981,,,,,,,,,,
Algeria,1982,,,,,,,,,,
Algeria,1983,,,,,,,,,,
Algeria,1984,,,,,,,,,,
Algeria,1985,,,,,,,,,,
Algeria,1986,,,,,,,,,,
Algeria,1987,,,,,,,,,,
Algeria,1988,1.71,2.53,3.3700001,4.23,5,6.17,7.52,9.39,14.4,45.67
Algeria,1989,1.7,2.52,3.36,4.21,4.98,6.15,7.5099998,9.38,14.370001,45.82
Algeria,1990,1.6899999,2.51,3.34,4.19,4.96,6.1099997,7.4500003,9.32,14.38,46.059998
Algeria,1991,1.65,2.45,3.2699997,4.1,4.8500004,5.98,7.29,9.11,14.110001,47.18
Algeria,1992,1.7,2.52,3.36,4.2,4.97,6.1299996,7.48,9.34,14.47,45.829998
Algeria,1993,1.66,2.46,3.28,4.11,4.86,5.9900002,7.2999997,9.139999,14.030001,47.16
Algeria,1994,1.53,2.27,3.03,3.79,4.48,5.53,6.7400002,8.42,12.9800005,51.22
Algeria,1995,1.64,2.44,3.25,4.07,4.82,5.94,7.25,9.07,13.92,47.600002
Algeria,1996,1.7,2.52,3.3700001,4.22,4.99,6.15,7.5000005,9.37,14.370001,45.809998
Algeria,1997,1.65,2.45,3.26,4.09,4.84,5.9700003,7.28,9.089999,13.950001,47.420002
Algeria,1998,1.6899999,2.51,3.3500001,4.2,4.97,6.1299996,7.47,9.33,14.300001,46.059998
Algeria,1999,1.7,2.52,3.3500001,4.2,4.97,6.1299996,7.47,9.34,14.41,45.899998
Algeria,2000,1.64,2.44,3.25,4.07,4.81,5.9300003,7.2200003,9.049999,13.85,47.75
Algeria,2001,1.67,2.48,3.3,4.14,4.89,6.03,7.35,9.19,14.09,46.86
Algeria,2002,1.65,2.45,3.26,4.09,4.84,5.9700003,7.27,9.089999,13.969999,47.41
Algeria,2003,1.66,2.46,3.2699997,4.1,4.8500004,5.9900002,7.2999997,9.12,13.969999,47.28
Algeria,2004,1.7,2.52,3.36,4.21,4.97,6.1299996,7.48,9.37,14.370001,45.89
Algeria,2005,1.7,2.53,3.3700001,4.22,4.99,6.16,7.5000005,9.37,14.360001,45.809998
Algeria,2006,1.68,2.49,3.32,4.16,4.91,6.06,7.3799996,9.24,14.190001,46.579998
Algeria,2007,1.7,2.51,3.3500001,4.13,4.9,5.9,7.1800003,8.81,13.320001,48.21
Algeria,2008,1.85,2.73,3.6499999,4.42,5.27,6.21,7.5400004,9.139999,13.63,45.559998
Algeria,2009,1.94,2.86,3.82,4.56,5.44,6.2799997,7.63,9.12,13.36,45
Algeria,2010,2.04,2.99,4,4.7200003,5.65,6.4,7.75,9.15,13.169999,44.12
Algeria,2011,2.15,3.15,4.22,4.92,5.9,6.56,7.9400005,9.25,13.19,42.719997
Algeria,2012,,,,,,,,,,
Algeria,2013,,,,,,,,,,
Algeria,2014,,,,,,,,,,
Algeria,2015,,,,,,,,,,
Algeria,2016,,,,,,,,,,
Algeria,2017,,,,,,,,,,
Algeria,2022,2.09,2.95,3.4699998,4.22,5.04,5.7599998,6.9799995,8.09,11.8,49.6
Algeria,2023,2.12,3,3.5300002,4.29,5.13,5.86,7.1099997,8.23,11.9800005,48.76
Andorra,1980,0.38,2.6699998,4.3900003,5.81,7.2200003,8.940001,10.46,12.2699995,15.65,32.22
Andorra,1981,0.37,2.6100001,4.38,5.9700003,7.12,8.74,10.35,12.4,15.84,32.22
Andorra,1982,0.37,2.54,4.34,5.9300003,7.1400003,8.77,10.38,12.48,15.880001,32.18
Andorra,1983,0.37,2.57,4.3900003,6.01,7.1800003,8.65,10.29,12.46,15.790001,32.300003
Andorra,1984,0.32999998,2.5,4.3,5.9900002,7.2,8.62,10.21,12.389999,15.809999,32.66
Andorra,1985,0.34,2.4,4.2,5.86,7.08,8.58,10.25,12.540001,15.870001,32.87
Andorra,1986,0.35999998,2.49,4.31,5.88,7.13,8.62,10.3,12.57,15.809999,32.52
Andorra,1987,0.32999998,2.52,4.4100003,5.91,7.1500006,8.65,10.33,12.549999,15.66,32.5
Andorra,1988,0.35999998,2.54,4.6,6.1,7.2200003,8.59,10.27,12.37,15.51,32.440002
Andorra,1989,0.35999998,2.53,4.56,5.9700003,7.29,8.83,10.38,12.23,15.25,32.600002
Andorra,1990,0.34,2.6000001,4.61,6.12,7.2599998,8.57,10.25,12.3,15.440001,32.5
Andorra,1991,0.37,2.5900002,4.64,6.19,7.27,8.67,10.28,12.2699995,15.42,32.300003
Andorra,1992,0.32,2.53,4.5699997,6,7.13,8.58,10.19,12.19,15.28,33.199997
Andorra,1993,0.29,2.3700001,4.38,5.85,7,8.59,10.22,12.32,15.539999,33.45
Andorra,1994,0.28,2.26,4.23,5.6200004,6.9700003,8.58,10.2300005,12.23,15.41,34.17
Andorra,1995,0.29,2.29,4.2599998,5.73,7,8.5199995,10.25,12.33,15.49,33.86
Andorra,1996,0.32,2.31,4.25,5.69,6.9700003,8.5199995,10.24,12.19,15.49,34.03
Andorra,1997,0.28,2.24,4.16,5.55,6.96,8.38,10.05,12.16,15.4,34.81
Andorra,1998,0.3,2.24,4.2,5.63,6.89,8.37,10.04,12.09,15.29,34.95
Andorra,1999,0.29,2.23,4.19,5.61,6.92,8.38,10.0199995,12.06,15.299999,34.99
Andorra,2000,0.29,2.18,4.09,5.55,6.82,8.2,9.92,12.05,15.35,35.57
Andorra,2001,0.31,2.21,4.09,5.53,6.78,8.23,10.0199995,12.19,15.52,35.11
Andorra,2002,0.28,2.25,4.1499996,5.59,6.92,8.37,10.08,12.219999,15.530001,34.61
Andorra,2003,0.24000001,2.08,4.07,5.51,6.9700003,8.5,10.21,12.219999,15.440001,34.760002
Andorra,2004,0.17,1.91,3.83,5.29,6.88,8.62,10.42,12.42,15.42,35.04
Andorra,2005,0.2,1.95,3.9099998,5.39,6.87,8.42,10.14,12.29,15.549999,35.280003
Andorra,2006,0.25,1.97,3.79,5.37,6.78,8.309999,10.0199995,12.16,15.379999,35.98
Andorra,2007,0.26,2.11,3.9299998,5.4,6.7100005,8.21,9.92,12.04,15.35,36.07
Andorra,2008,0.3,2.21,4.12,5.6000004,6.9399996,8.45,10.18,12.33,15.639999,34.24
Andorra,2009,0.27,2.25,4.23,5.7,7.05,8.56,10.27,12.44,15.75,33.48
Andorra,2010,0.28,2.14,3.9299998,5.37,6.7100005,8.2699995,10.07,12.29,15.800001,35.14
Andorra,2011,0.24000001,2.09,3.8899999,5.37,6.7400002,8.33,10.13,12.34,15.82,35.06
Andorra,2012,0.24000001,2.09,3.8899999,5.42,6.8,8.41,10.25,12.51,16,34.4
Andorra,2013,0.26,2.07,3.8,5.33,6.7400002,8.33,10.2,12.540001,16.1,34.63
Andorra,2014,0.24000001,2.06,3.8,5.29,6.6699996,8.25,10.12,12.44,16.04,35.09
Andorra,2015,0.24000001,2.09,3.82,5.29,6.65,8.24,10.12,12.45,16.11,34.99
Andorra,2016,0.27,2.12,3.85,5.2999997,6.64,8.21,10.059999,12.36,16.060001,35.13
Andorra,2017,0.29,2.17,3.8899999,5.3199997,6.65,8.17,10,12.29,15.950001,35.280003
Andorra,2018,0.3,2.22,3.96,5.3399997,6.6600003,8.16,9.969999,12.259999,15.880001,35.25
Andorra,2019,0.31,2.27,4.03,5.39,6.69,8.17,9.96,12.2699995,15.91,35.02
Andorra,2020,0.29,2.26,3.99,5.38,6.68,8.16,10.0199995,12.37,15.99,34.86
Andorra,2021,0.31,2.24,3.9299998,5.3199997,6.64,8.120001,9.95,12.25,15.710001,35.530003
Andorra,2022,0.3,2.26,3.9700003,5.33,6.6299996,8.110001,9.9,12.179999,15.66,35.670002
Andorra,2023,0.3,2.26,3.9700003,5.33,6.6299996,8.110001,9.9,12.179999,15.66,35.670002
Angola,1980,,,,,,,,,,
Angola,1981,,,,,,,,,,
Angola,1982,,,,,,,,,,
Angola,1983,,,,,,,,,,
Angola,1984,,,,,,,,,,
Angola,1985,,,,,,,,,,
Angola,1986,,,,,,,,,,
Angola,1987,,,,,,,,,,
Angola,1988,,,,,,,,,,
Angola,1989,,,,,,,,,,
Angola,1990,,,,,,,,,,
Angola,1991,,,,,,,,,,
Angola,1992,,,,,,,,,,
Angola,1993,,,,,,,,,,
Angola,1994,,,,,,,,,,
Angola,1995,0.35999998,1.04,1.79,2.5900002,3.48,4.58,6.0699997,8.349999,13.06,58.679996
Angola,1996,,,,,,,,,,
Angola,1997,,,,,,,,,,
Angola,1998,,,,,,,,,,
Angola,1999,,,,,,,,,,
Angola,2000,0.35999998,1.05,1.79,2.6100001,3.5,4.61,6.0899997,8.37,13.13,58.49
Angola,2001,,,,,,,,,,
Angola,2002,,,,,,,,,,
Angola,2003,,,,,,,,,,
Angola,2004,,,,,,,,,,
Angola,2005,,,,,,,,,,
Angola,2006,,,,,,,,,,
Angola,2007,,,,,,,,,,
Angola,2008,0.82,1.78,2.57,3.41,4.48,5.75,7.4100003,10.059999,14.87,48.85
Angola,2009,,,,,,,,,,
Angola,2010,,,,,,,,,,
Angola,2011,,,,,,,,,,
Angola,2012,,,,,,,,,,
Angola,2013,,,,,,,,,,
Angola,2014,,,,,,,,,,
Angola,2015,,,,,,,,,,
Angola,2016,,,,,,,,,,
Angola,2017,,,,,,,,,,
Angola,2018,0.49,1.17,1.8,2.54,3.48,4.6,6.19,8.61,13.28,57.85
Angola,2022,0.49,1.17,1.8100001,2.55,3.4899998,4.62,6.21,8.63,13.320001,57.72
Angola,2023,0.49,1.17,1.8100001,2.55,3.4899998,4.62,6.21,8.63,13.320001,57.72
Anguilla,1980,0.089999996,0.73,1.48,2.41,3.48,4.8300004,6.65,9.42,14.97,55.940002
Anguilla,1981,0.089999996,0.71999997,1.47,2.4,3.4699998,4.82,6.65,9.440001,14.990001,55.93
Anguilla,1982,0.089999996,0.71999997,1.47,2.39,3.46,4.81,6.6600003,9.45,15.0199995,55.93
Anguilla,1983,0.089999996,0.71,1.46,2.38,3.4499998,4.81,6.6600003,9.46,15.04,55.93
Anguilla,1984,0.089999996,0.71,1.4499999,2.3700001,3.4499998,4.8,6.6699996,9.4800005,15.06,55.92
Anguilla,1985,0.089999996,0.71,1.4399999,2.3600001,3.4299998,4.8,6.6699996,9.49,15.080001,55.92
Anguilla,1986,0.089999996,0.70000005,1.43,2.35,3.42,4.79,6.68,9.51,15.11,55.92
Anguilla,1987,0.089999996,0.70000005,1.43,2.34,3.41,4.78,6.68,9.53,15.13,55.909996
Anguilla,1988,0.089999996,0.69,1.42,2.33,3.4,4.78,6.69,9.54,15.150001,55.909996
Anguilla,1989,0.120000005,0.62,1.4100001,2.32,3.39,4.77,6.7000003,9.56,15.18,55.92
Anguilla,1990,0.120000005,0.62,1.4000001,2.31,3.3799999,4.77,6.7000003,9.58,15.21,55.92
Anguilla,1991,0.08,0.68,1.4100001,2.32,3.4,4.79,6.72,9.58,15.21,55.800003
Anguilla,1992,0.08,0.68,1.4100001,2.33,3.42,4.81,6.7400002,9.6,15.22,55.699997
Anguilla,1993,0.08,0.68,1.42,2.34,3.44,4.84,6.7599998,9.610001,15.23,55.6
Anguilla,1994,0.08,0.69,1.42,2.3600001,3.46,4.86,6.78,9.62,15.23,55.5
Anguilla,1995,0.08,0.69,1.43,2.3700001,3.4699998,4.89,6.8,9.63,15.24,55.4
Anguilla,1996,0.08,0.69,1.4399999,2.38,3.4899998,4.91,6.82,9.64,15.25,55.309998
Anguilla,1997,0.08,0.69,1.4399999,2.39,3.5100002,4.93,6.84,9.650001,15.26,55.21
Anguilla,1998,0.08,0.69,1.4499999,2.4,3.52,4.95,6.8599997,9.660001,15.26,55.12
Anguilla,1999,0.08,0.69,1.4499999,2.41,3.54,4.98,6.88,9.67,15.27,55.03
Anguilla,2000,0.08,0.69,1.46,2.42,3.56,5,6.8999996,9.68,15.28,54.94
Anguilla,2001,0.08,0.70000005,1.46,2.44,3.58,5.0299997,6.9300003,9.71,15.309999,54.77
Anguilla,2002,0.08,0.70000005,1.47,2.45,3.6100001,5.05,6.96,9.74,15.34,54.6
Anguilla,2003,0.08,0.70000005,1.47,2.46,3.6299999,5.08,6.99,9.78,15.369999,54.45
Anguilla,2004,0.08,0.71,1.48,2.47,3.6499999,5.1,7.01,9.809999,15.389999,54.3
Anguilla,2005,0.08,0.71,1.48,2.48,3.6699998,5.12,7.04,9.83,15.42,54.16
Anguilla,2006,0.089999996,0.71,1.49,2.49,3.6899998,5.14,7.0600004,9.86,15.440001,54.030003
Anguilla,2007,0.089999996,0.71999997,1.49,2.5,3.7099998,5.1600003,7.09,9.889999,15.459999,53.899998
Anguilla,2008,0.089999996,0.71999997,1.49,2.51,3.7300003,5.1800003,7.1099997,9.91,15.49,53.780003
Anguilla,2009,0.089999996,0.71999997,1.5,2.52,3.74,5.2000003,7.13,9.929999,15.51,53.66
Anguilla,2010,0.089999996,0.73,1.5,2.53,3.76,5.2200003,7.1500006,9.96,15.530001,53.55
Anguilla,2011,0.089999996,0.78,1.62,2.71,3.9700003,5.43,7.29,9.929999,15.150001,53.030003
Anguilla,2012,0.1,0.83,1.74,2.8799999,4.18,5.6400003,7.43,9.91,14.7699995,52.52
Anguilla,2013,0.1,0.89,1.87,3.06,4.3900003,5.84,7.57,9.88,14.4,52
Anguilla,2014,0.1,0.94,1.99,3.24,4.5899997,6.05,7.71,9.86,14.030001,51.5
Anguilla,2015,0.11,0.99,2.11,3.41,4.8,6.25,7.8500004,9.83,13.66,50.989998
Anguilla,2016,0.11,1.04,2.22,3.5900002,5,6.45,7.99,9.809999,13.3,50.489998
Anguilla,2017,0.120000005,1.09,2.34,3.76,5.2000003,6.65,8.13,9.78,12.93,49.99
Anguilla,2018,0.120000005,1.14,2.46,3.9299998,5.4,6.85,8.26,9.76,12.57,49.5
Anguilla,2019,0.120000005,1.19,2.57,4.1,5.6000004,7.05,8.4,9.74,12.219999,49.01
Anguilla,2020,0.14,1.14,2.69,4.27,5.81,7.25,8.54,9.72,11.87,48.57
Anguilla,2021,0.14,1.14,2.69,4.27,5.81,7.25,8.54,9.72,11.87,48.57
Anguilla,2022,0.14,1.14,2.69,4.27,5.81,7.25,8.54,9.72,11.87,48.57
Anguilla,2023,0.14,1.14,2.69,4.27,5.81,7.25,8.54,9.72,11.87,48.57
Antigua and Barbuda,1980,0.089999996,0.73,1.48,2.41,3.48,4.8300004,6.65,9.42,14.97,55.940002
Antigua and Barbuda,1981,0.089999996,0.71999997,1.47,2.4,3.4699998,4.82,6.65,9.440001,14.990001,55.93
Antigua and Barbuda,1982,0.089999996,0.71999997,1.47,2.39,3.46,4.81,6.6600003,9.45,15.0199995,55.93
Antigua and Barbuda,1983,0.089999996,0.71,1.46,2.38,3.4499998,4.81,6.6600003,9.46,15.04,55.93
Antigua and Barbuda,1984,0.089999996,0.71,1.4499999,2.3700001,3.4499998,4.8,6.6699996,9.4800005,15.06,55.92
Antigua and Barbuda,1985,0.089999996,0.71,1.4399999,2.3600001,3.4299998,4.8,6.6699996,9.49,15.080001,55.92
Antigua and Barbuda,1986,0.089999996,0.70000005,1.43,2.35,3.42,4.79,6.68,9.51,15.11,55.92
Antigua and Barbuda,1987,0.089999996,0.70000005,1.43,2.34,3.41,4.78,6.68,9.53,15.13,55.909996
Antigua and Barbuda,1988,0.089999996,0.69,1.42,2.33,3.4,4.78,6.69,9.54,15.150001,55.909996
Antigua and Barbuda,1989,0.120000005,0.62,1.4100001,2.32,3.39,4.77,6.7000003,9.56,15.18,55.92
Antigua and Barbuda,1990,0.120000005,0.62,1.4000001,2.31,3.3799999,4.77,6.7000003,9.58,15.21,55.92
Antigua and Barbuda,1991,0.08,0.68,1.4100001,2.32,3.4,4.79,6.72,9.58,15.21,55.800003
Antigua and Barbuda,1992,0.08,0.68,1.4100001,2.33,3.42,4.81,6.7400002,9.6,15.22,55.699997
Antigua and Barbuda,1993,0.08,0.68,1.42,2.34,3.44,4.84,6.7599998,9.610001,15.23,55.6
Antigua and Barbuda,1994,0.08,0.69,1.42,2.3600001,3.46,4.86,6.78,9.62,15.23,55.5
Antigua and Barbuda,1995,0.08,0.69,1.43,2.3700001,3.4699998,4.89,6.8,9.63,15.24,55.4
Antigua and Barbuda,1996,0.08,0.69,1.4399999,2.38,3.4899998,4.91,6.82,9.64,15.25,55.309998
Antigua and Barbuda,1997,0.08,0.69,1.4399999,2.39,3.5100002,4.93,6.84,9.650001,15.26,55.21
Antigua and Barbuda,1998,0.08,0.69,1.4499999,2.4,3.52,4.95,6.8599997,9.660001,15.26,55.12
Antigua and Barbuda,1999,0.08,0.69,1.4499999,2.41,3.54,4.98,6.88,9.67,15.27,55.03
Antigua and Barbuda,2000,0.08,0.69,1.46,2.42,3.56,5,6.8999996,9.68,15.28,54.94
Antigua and Barbuda,2001,0.08,0.70000005,1.46,2.44,3.58,5.0299997,6.9300003,9.71,15.309999,54.77
Antigua and Barbuda,2002,0.08,0.70000005,1.47,2.45,3.6100001,5.05,6.96,9.74,15.34,54.6
Antigua and Barbuda,2003,0.08,0.70000005,1.47,2.46,3.6299999,5.08,6.99,9.78,15.369999,54.45
Antigua and Barbuda,2004,0.08,0.71,1.48,2.47,3.6499999,5.1,7.01,9.809999,15.389999,54.3
Antigua and Barbuda,2005,0.08,0.71,1.48,2.48,3.6699998,5.12,7.04,9.83,15.42,54.16
Antigua and Barbuda,2006,0.089999996,0.71,1.49,2.49,3.6899998,5.14,7.0600004,9.86,15.440001,54.030003
Antigua and Barbuda,2007,0.089999996,0.71999997,1.49,2.5,3.7099998,5.1600003,7.09,9.889999,15.459999,53.899998
Antigua and Barbuda,2008,0.089999996,0.71999997,1.49,2.51,3.7300003,5.1800003,7.1099997,9.91,15.49,53.780003
Antigua and Barbuda,2009,0.089999996,0.71999997,1.5,2.52,3.74,5.2000003,7.13,9.929999,15.51,53.66
Antigua and Barbuda,2010,0.089999996,0.73,1.5,2.53,3.76,5.2200003,7.1500006,9.96,15.530001,53.55
Antigua and Barbuda,2011,0.089999996,0.78,1.62,2.71,3.9700003,5.43,7.29,9.929999,15.150001,53.030003
Antigua and Barbuda,2012,0.1,0.83,1.74,2.8799999,4.18,5.6400003,7.43,9.91,14.7699995,52.52
Antigua and Barbuda,2013,0.1,0.89,1.87,3.06,4.3900003,5.84,7.57,9.88,14.4,52
Antigua and Barbuda,2014,0.1,0.94,1.99,3.24,4.5899997,6.05,7.71,9.86,14.030001,51.5
Antigua and Barbuda,2015,0.11,0.99,2.11,3.41,4.8,6.25,7.8500004,9.83,13.66,50.989998
Antigua and Barbuda,2016,0.11,1.04,2.22,3.5900002,5,6.45,7.99,9.809999,13.3,50.489998
Antigua and Barbuda,2017,0.120000005,1.09,2.34,3.76,5.2000003,6.65,8.13,9.78,12.93,49.99
Antigua and Barbuda,2018,0.120000005,1.14,2.46,3.9299998,5.4,6.85,8.26,9.76,12.57,49.5
Antigua and Barbuda,2019,0.120000005,1.19,2.57,4.1,5.6000004,7.05,8.4,9.74,12.219999,49.01
Antigua and Barbuda,2020,0.14,1.14,2.69,4.27,5.81,7.25,8.54,9.72,11.87,48.57
Antigua and Barbuda,2021,0.14,1.14,2.69,4.27,5.81,7.25,8.54,9.72,11.87,48.57
Antigua and Barbuda,2022,0.14,1.14,2.69,4.27,5.81,7.25,8.54,9.72,11.87,48.57
Antigua and Barbuda,2023,0.14,1.14,2.69,4.27,5.81,7.25,8.54,9.72,11.87,48.57
Argentina,2001,0,0,0.71,2.77,4.23,5.7999997,7.84,10.74,16.82,51.08
Argentina,2002,0,0,0.82,2.7,4.12,5.54,7.5400004,10.47,16.779999,52.03
Argentina,2003,0,0.43,2.17,3.4,4.73,6.26,8,10.67,15.73,48.61
Argentina,2004,0,0.6,2.44,3.64,4.8300004,6.3,8.21,10.89,16.310001,46.78
Argentina,2005,0,0.78999996,2.44,3.7500002,4.8300004,6.3100004,8.28,11.21,17.28,45.11
Argentina,2006,0,0.92,2.6000001,3.9099998,5.0099998,6.48,8.64,11.469999,17.07,43.9
Argentina,2007,0,1,2.73,3.85,4.95,6.4300003,8.16,10.7699995,16.230001,45.879997
Argentina,2008,0,1.23,2.8200002,3.78,4.88,6.18,7.91,10.599999,16.539999,46.059998
Argentina,2009,0,1.1800001,2.84,3.81,5.06,6.7000003,8.85,11.559999,17.2,42.8
Argentina,2010,0,1.4000001,2.99,3.9,5.04,6.5499997,8.23,11,16.81,44.08
Argentina,2011,0,1.54,3.19,4.07,5.3199997,6.8599997,8.61,11.25,16.63,42.539997
Argentina,2012,0,1.66,3.32,4.18,5.48,6.95,8.97,11.91,18.09,39.44
Argentina,2013,0,1.55,3.4,4.2599998,5.3599997,6.91,9.099999,11.66,17.28,40.48
Argentina,2014,0,1.42,3.1399999,4.03,5.2000003,6.8999996,8.7,12.139999,17.85,40.61
Argentina,2015,0,1.27,3.19,4.31,5.3399997,6.7500005,8.48,11.21,16.29,43.16
Argentina,2016,0,1.11,3.25,4.58,5.48,6.6,8.26,10.28,14.7300005,45.719997
Argentina,2017,0,1.4100001,3.44,4.62,5.53,6.82,8.7300005,10.96,15.27,43.239998
Argentina,2018,0,1.17,3.28,4.5699997,5.56,6.8999996,8.75,11.02,15.080001,43.66
Argentina,2022,0,1.61,3.52,4.68,5.69,6.9300003,8.6,10.73,14.88,43.37
Argentina,2023,0,1.61,3.52,4.68,5.69,6.9300003,8.6,10.73,14.88,43.37
Armenia,1980,,,,,,,,,,
Armenia,1981,,,,,,,,,,
Armenia,1982,,,,,,,,,,
Armenia,1983,,,,,,,,,,
Armenia,1984,,,,,,,,,,
Armenia,1985,,,,,,,,,,
Armenia,1986,,,,,,,,,,
Armenia,1987,,,,,,,,,,
Armenia,1988,,,,,,,,,,
Armenia,1989,,,,,,,,,,
Armenia,1990,,,,,,,,,,
Armenia,1991,,,,,,,,,,
Armenia,1992,,,,,,,,,,
Armenia,1993,,,,,,,,,,
Armenia,1994,,,,,,,,,,
Armenia,1995,,,,,,,,,,
Armenia,1996,1.36,2.26,2.92,3.6699998,4.64,5.9,7.6800003,10.320001,14.659999,46.6
Armenia,1997,,,,,,,,,,
Armenia,1998,,,,,,,,,,
Armenia,1999,1.75,2.77,3.46,4.19,5.15,6.3500004,8,10.38,14.040001,43.920002
Armenia,2000,,,,,,,,,,
Armenia,2001,,,,,,,,,,
Armenia,2002,2.01,3.02,3.74,4.49,5.39,6.47,7.99,10.17,14.030001,42.699997
Armenia,2003,2.23,3.21,3.9099998,4.64,5.52,6.5899997,8,10.07,13.500001,42.329998
Armenia,2004,1.87,2.91,3.56,4.29,5.13,6.15,7.6,9.6,13.240001,45.629997
Armenia,2005,1.98,2.97,3.6200001,4.3,5.13,6.17,7.56,9.59,13.070001,45.61
Armenia,2006,2.4,3.5500002,4.34,5.17,6.1299996,7.3299994,8.85,10.97,14.33,36.92
Armenia,2007,2.22,3.28,4.11,5.02,6,7.13,8.72,11.01,14.7300005,37.78
Armenia,2008,2.46,3.58,4.29,5.13,6.1099997,7.3299994,8.95,11.05,14.5,36.59
Armenia,2009,2.46,3.5300002,4.31,5.09,6.01,7.16,8.71,10.84,14.23,37.65
Armenia,2010,2.42,3.4499998,4.18,5,5.96,7.0600004,8.56,10.66,14.17,38.550003
Armenia,2011,2.47,3.5700002,4.36,5.2200003,6.17,7.3399997,8.87,11.02,14.440001,36.53
Armenia,2012,2.48,3.6100001,4.4,5.2799997,6.24,7.39,8.860001,10.88,14.02,36.84
Armenia,2013,2.24,3.3799999,4.1499996,4.98,5.9700003,7.1000004,8.61,10.67,14.1,38.800003
Armenia,2014,2.19,3.26,4.01,4.86,5.86,7.05,8.5,10.5,13.75,40.03
Armenia,2015,2.1,3.19,3.9500003,4.8500004,5.86,7.05,8.57,10.559999,13.71,40.14
Armenia,2016,1.96,2.93,3.6699998,4.5899997,5.7599998,7.04,8.690001,10.82,14.18,40.36
Armenia,2017,1.87,2.78,3.42,4.11,4.92,5.9300003,7.28,9.2699995,12.43,48
Armenia,2018,1.94,3,3.72,4.4700003,5.37,6.5099998,7.99,10.059999,13.570001,43.37
Armenia,2022,2.26,3.32,4.08,4.94,5.91,6.99,8.48,10.559999,13.85,39.6
Armenia,2023,2.25,3.32,4.08,4.94,5.91,6.99,8.49,10.55,13.82,39.64
Aruba,1980,0.089999996,0.73,1.48,2.41,3.48,4.8300004,6.65,9.42,14.97,55.940002
Aruba,1981,0.089999996,0.71999997,1.47,2.4,3.4699998,4.82,6.65,9.440001,14.990001,55.93
Aruba,1982,0.089999996,0.71999997,1.47,2.39,3.46,4.81,6.6600003,9.45,15.0199995,55.93
Aruba,1983,0.089999996,0.71,1.46,2.38,3.4499998,4.81,6.6600003,9.46,15.04,55.93
Aruba,1984,0.089999996,0.71,1.4499999,2.3700001,3.4499998,4.8,6.6699996,9.4800005,15.06,55.92
Aruba,1985,0.089999996,0.71,1.4399999,2.3600001,3.4299998,4.8,6.6699996,9.49,15.080001,55.92
Aruba,1986,0.089999996,0.70000005,1.43,2.35,3.42,4.79,6.68,9.51,15.11,55.92
Aruba,1987,0.089999996,0.70000005,1.43,2.34,3.41,4.78,6.68,9.53,15.13,55.909996
Aruba,1988,0.089999996,0.69,1.42,2.33,3.4,4.78,6.69,9.54,15.150001,55.909996
Aruba,1989,0.120000005,0.62,1.4100001,2.32,3.39,4.77,6.7000003,9.56,15.18,55.92
Aruba,1990,0.120000005,0.62,1.4000001,2.31,3.3799999,4.77,6.7000003,9.58,15.21,55.92
Aruba,1991,0.08,0.68,1.4100001,2.32,3.4,4.79,6.72,9.58,15.21,55.800003
Aruba,1992,0.08,0.68,1.4100001,2.33,3.42,4.81,6.7400002,9.6,15.22,55.699997
Aruba,1993,0.08,0.68,1.42,2.34,3.44,4.84,6.7599998,9.610001,15.23,55.6
Aruba,1994,0.08,0.69,1.42,2.3600001,3.46,4.86,6.78,9.62,15.23,55.5
Aruba,1995,0.08,0.69,1.43,2.3700001,3.4699998,4.89,6.8,9.63,15.24,55.4
Aruba,1996,0.08,0.69,1.4399999,2.38,3.4899998,4.91,6.82,9.64,15.25,55.309998
Aruba,1997,0.08,0.69,1.4399999,2.39,3.5100002,4.93,6.84,9.650001,15.26,55.21
Aruba,1998,0.08,0.69,1.4499999,2.4,3.52,4.95,6.8599997,9.660001,15.26,55.12
Aruba,1999,0.08,0.69,1.4499999,2.41,3.54,4.98,6.88,9.67,15.27,55.03
Aruba,2000,0.08,0.69,1.46,2.42,3.56,5,6.8999996,9.68,15.28,54.94
Aruba,2001,0.08,0.70000005,1.46,2.44,3.58,5.0299997,6.9300003,9.71,15.309999,54.77
Aruba,2002,0.08,0.70000005,1.47,2.45,3.6100001,5.05,6.96,9.74,15.34,54.6
Aruba,2003,0.08,0.70000005,1.47,2.46,3.6299999,5.08,6.99,9.78,15.369999,54.45
Aruba,2004,0.08,0.71,1.48,2.47,3.6499999,5.1,7.01,9.809999,15.389999,54.3
Aruba,2005,0.08,0.71,1.48,2.48,3.6699998,5.12,7.04,9.83,15.42,54.16
Aruba,2006,0.089999996,0.71,1.49,2.49,3.6899998,5.14,7.0600004,9.86,15.440001,54.030003
Aruba,2007,0.089999996,0.71999997,1.49,2.5,3.7099998,5.1600003,7.09,9.889999,15.459999,53.899998
Aruba,2008,0.089999996,0.71999997,1.49,2.51,3.7300003,5.1800003,7.1099997,9.91,15.49,53.780003
Aruba,2009,0.089999996,0.71999997,1.5,2.52,3.74,5.2000003,7.13,9.929999,15.51,53.66
Aruba,2010,0.089999996,0.73,1.5,2.53,3.76,5.2200003,7.1500006,9.96,15.530001,53.55
Aruba,2011,0.089999996,0.78,1.62,2.71,3.9700003,5.43,7.29,9.929999,15.150001,53.030003
Aruba,2012,0.1,0.83,1.74,2.8799999,4.18,5.6400003,7.43,9.91,14.7699995,52.52
Aruba,2013,0.1,0.89,1.87,3.06,4.3900003,5.84,7.57,9.88,14.4,52
Aruba,2014,0.1,0.94,1.99,3.24,4.5899997,6.05,7.71,9.86,14.030001,51.5
Aruba,2015,0.11,0.99,2.11,3.41,4.8,6.25,7.8500004,9.83,13.66,50.989998
Aruba,2016,0.11,1.04,2.22,3.5900002,5,6.45,7.99,9.809999,13.3,50.489998
Aruba,2017,0.120000005,1.09,2.34,3.76,5.2000003,6.65,8.13,9.78,12.93,49.99
Aruba,2018,0.120000005,1.14,2.46,3.9299998,5.4,6.85,8.26,9.76,12.57,49.5
Aruba,2019,0.120000005,1.19,2.57,4.1,5.6000004,7.05,8.4,9.74,12.219999,49.01
Aruba,2020,0.14,1.14,2.69,4.27,5.81,7.25,8.54,9.72,11.87,48.57
Aruba,2021,0.14,1.14,2.69,4.27,5.81,7.25,8.54,9.72,11.87,48.57
Aruba,2022,0.14,1.14,2.69,4.27,5.81,7.25,8.54,9.72,11.87,48.57
Aruba,2023,0.14,1.14,2.69,4.27,5.81,7.25,8.54,9.72,11.87,48.57
Asia (WID),1980,0.48000002,1.4000001,1.9300001,2.33,2.84,3.6100001,4.87,7.53,16.050001,58.969997
Asia (WID),1981,0.5,1.4399999,1.98,2.39,2.92,3.7099998,5.0299997,7.6899996,16.1,58.24
Asia (WID),1982,0.53,1.51,2.1,2.55,3.13,3.98,5.38,8.09,16.42,56.309998
Asia (WID),1983,0.51,1.4499999,2.07,2.52,3.06,3.88,5.23,8.08,16.43,56.78
Asia (WID),1984,0.53,1.52,2.19,2.6799998,3.25,4.1,5.51,8.29,16.47,55.46
Asia (WID),1985,0.53,1.49,2.17,2.6699998,3.22,4.0600004,5.47,8.29,16.130001,55.97
Asia (WID),1986,0.52,1.48,2.14,2.63,3.22,4.13,5.6000004,8.34,16.060001,55.870003
Asia (WID),1987,0.52,1.48,2.14,2.6499999,3.26,4.21,5.73,8.44,15.99,55.57
Asia (WID),1988,0.5,1.4499999,2.09,2.5900002,3.2,4.12,5.6200004,8.28,15.9,56.230003
Asia (WID),1989,0.51,1.47,2.08,2.5800002,3.21,4.16,5.68,8.45,15.780001,56.07
Asia (WID),1990,0.5,1.48,2.07,2.57,3.19,4.12,5.56,8.120001,15.690001,56.71
Asia (WID),1991,0.48000002,1.43,1.99,2.49,3.13,4.09,5.58,8.14,15.379999,57.28
Asia (WID),1992,0.48000002,1.4399999,2.02,2.54,3.19,4.16,5.69,8.29,14.71,57.480003
Asia (WID),1993,0.5,1.48,2.09,2.6399999,3.3100002,4.34,5.96,8.72,14.659999,56.29
Asia (WID),1994,0.49,1.5,2.14,2.72,3.4,4.4300003,6.03,8.66,14.210001,56.410004
Asia (WID),1995,0.51,1.51,2.18,2.77,3.46,4.4700003,6.02,8.6,13.91,56.590004
Asia (WID),1996,0.47,1.5,2.19,2.8000002,3.5,4.46,5.9500003,8.4,13.68,57.04
Asia (WID),1997,0.51,1.55,2.25,2.8799999,3.5900002,4.56,6.05,8.5,13.71,56.43
Asia (WID),1998,0.53,1.62,2.34,2.98,3.7,4.68,6.17,8.62,13.65,55.699997
Asia (WID),1999,0.55,1.62,2.32,2.96,3.6899998,4.68,6.17,8.63,13.69,55.690002
Asia (WID),2000,0.53,1.55,2.23,2.86,3.5900002,4.5899997,6.12,8.63,13.77,56.120003
Asia (WID),2001,0.52,1.52,2.19,2.83,3.56,4.58,6.1099997,8.63,13.719999,56.32
Asia (WID),2002,0.51,1.49,2.15,2.77,3.48,4.5099998,6.1,8.74,14.200001,56.059998
Asia (WID),2003,0.51,1.48,2.1299999,2.75,3.48,4.5,6.1099997,8.8,14.39,55.839996
Asia (WID),2004,0.52,1.46,2.11,2.73,3.4499998,4.46,6.08,8.780001,14.43,55.980003
Asia (WID),2005,0.5,1.43,2.06,2.7,3.4499998,4.4700003,6.14,8.87,14.54,55.839996
Asia (WID),2006,0.51,1.43,2.06,2.7,3.48,4.52,6.16,8.95,14.7,55.489998
Asia (WID),2007,0.52,1.4100001,2.0300002,2.6799998,3.4899998,4.56,6.22,9.07,14.759999,55.269997
Asia (WID),2008,0.52,1.39,2.01,2.6699998,3.4899998,4.5699997,6.26,9.139999,14.88,55.07
Asia (WID),2009,0.53,1.43,2.07,2.76,3.6299999,4.77,6.5,9.440001,15.14,53.73
Asia (WID),2010,0.53,1.4000001,2.02,2.71,3.6,4.78,6.52,9.55,15.459999,53.420002
Asia (WID),2011,0.52,1.38,2,2.69,3.58,4.78,6.5099998,9.5,15.440001,53.59
Asia (WID),2012,0.53,1.4000001,2.01,2.71,3.64,4.88,6.6299996,9.68,15.65,52.87
Asia (WID),2013,0.53,1.4000001,2.0300002,2.73,3.6200001,4.81,6.6299996,9.809999,15.880001,52.569996
Asia (WID),2014,0.54,1.4100001,2.04,2.75,3.68,4.95,6.7500005,9.969999,16.060001,51.86
Asia (WID),2015,0.54,1.43,2.06,2.77,3.7,4.94,6.7000003,9.92,16.050001,51.899998
Asia (WID),2016,0.61,1.4100001,2.02,2.73,3.7099998,5.1,7.13,10.11,15.5,51.69
Asia (WID),2017,0.61,1.4000001,2.01,2.72,3.6899998,5.09,7.1800003,10.13,15.51,51.64
Asia (WID),2018,0.61,1.4000001,1.99,2.7,3.6299999,5.0099998,7.08,10.03,15.34,52.219997
Asia (WID),2019,0.63,1.43,2.0300002,2.72,3.6699998,5.05,7.1500006,10.22,15.559999,51.54
Asia (WID),2020,0.64,1.46,2.04,2.72,3.6499999,5.0299997,7.2200003,10.29,15.539999,51.39
Asia (WID),2021,0.65000004,1.4399999,2.02,2.6799998,3.5900002,4.97,7.17,10.35,15.82,51.31
Asia (WID),2022,0.63,1.4100001,1.97,2.63,3.5300002,4.89,7.0299997,10.18,15.690001,52.03
Asia (WID),2023,0.64,1.4499999,2.0300002,2.71,3.6100001,4.96,7.05,10.29,15.77,51.510002
Asia (excluding Middle East) (WID),1980,0.69,2.02,2.86,3.4,3.99,4.82,6.06,8.05,12.690001,55.409996
Asia (excluding Middle East) (WID),1981,0.69,2.02,2.87,3.42,4.03,4.87,6.1,8.17,12.84,55
Asia (excluding Middle East) (WID),1982,0.69,2.01,2.8799999,3.4499998,4.05,4.93,6.2,8.28,12.87,54.64
Asia (excluding Middle East) (WID),1983,0.66999996,1.95,2.84,3.44,4.04,4.87,6.0899997,8.17,13.11,54.83
Asia (excluding Middle East) (WID),1984,0.69,1.97,2.8799999,3.5,4.12,4.96,6.22,8.299999,13.12,54.25
Asia (excluding Middle East) (WID),1985,0.66999996,1.9300001,2.83,3.4899998,4.11,4.93,6.17,8.2699995,13.05,54.54
Asia (excluding Middle East) (WID),1986,0.65000004,1.87,2.73,3.36,3.99,4.86,6.19,8.37,13,54.98
Asia (excluding Middle East) (WID),1987,0.64,1.84,2.69,3.3300002,3.9700003,4.87,6.24,8.47,13.0199995,54.94
Asia (excluding Middle East) (WID),1988,0.62,1.8,2.6399999,3.28,3.92,4.81,6.16,8.4,13,55.339996
Asia (excluding Middle East) (WID),1989,0.61,1.79,2.5900002,3.1800003,3.82,4.7200003,6.08,8.33,12.94,55.93
Asia (excluding Middle East) (WID),1990,0.6,1.82,2.5800002,3.15,3.8,4.7,6.03,8.17,12.610001,56.53
Asia (excluding Middle East) (WID),1991,0.58,1.77,2.5,3.08,3.74,4.69,6.1,8.33,12.83,56.379997
Asia (excluding Middle East) (WID),1992,0.57,1.74,2.47,3.06,3.72,4.66,6.08,8.4,13.249999,56.04
Asia (excluding Middle East) (WID),1993,0.57,1.73,2.46,3.06,3.7300003,4.69,6.16,8.62,13.68,55.299995
Asia (excluding Middle East) (WID),1994,0.57,1.71,2.44,3.05,3.7300003,4.7,6.2,8.7,13.93,54.98
Asia (excluding Middle East) (WID),1995,0.57,1.7,2.46,3.1,3.8,4.7400002,6.24,8.76,13.789999,54.85
Asia (excluding Middle East) (WID),1996,0.59000003,1.74,2.52,3.1800003,3.88,4.82,6.24,8.61,13.64,54.78
Asia (excluding Middle East) (WID),1997,0.6,1.77,2.56,3.24,3.9700003,4.92,6.34,8.72,13.6,54.280003
Asia (excluding Middle East) (WID),1998,0.63,1.85,2.6599998,3.34,4.08,5.0099998,6.41,8.74,13.61,53.680004
Asia (excluding Middle East) (WID),1999,0.62,1.85,2.6499999,3.34,4.08,5.04,6.47,8.8,13.69,53.469997
Asia (excluding Middle East) (WID),2000,0.62,1.79,2.56,3.25,4.01,4.99,6.45,8.900001,13.869999,53.56
Asia (excluding Middle East) (WID),2001,0.6,1.75,2.51,3.21,3.98,4.95,6.45,8.95,13.959999,53.63
Asia (excluding Middle East) (WID),2002,0.6,1.7,2.44,3.1,3.8400002,4.8,6.3100004,8.860001,14.16,54.19
Asia (excluding Middle East) (WID),2003,0.6,1.7,2.43,3.1,3.8600001,4.84,6.38,8.98,14.51,53.600002
Asia (excluding Middle East) (WID),2004,0.6,1.7,2.43,3.1,3.87,4.84,6.37,8.98,14.47,53.63
Asia (excluding Middle East) (WID),2005,0.6,1.66,2.3700001,3.05,3.85,4.8300004,6.3600006,8.98,14.599999,53.69
Asia (excluding Middle East) (WID),2006,0.6,1.66,2.3700001,3.05,3.8600001,4.88,6.42,9.089999,14.79,53.280003
Asia (excluding Middle East) (WID),2007,0.59000003,1.63,2.33,3.02,3.85,4.9,6.48,9.17,14.87,53.149998
Asia (excluding Middle East) (WID),2008,0.59000003,1.62,2.3,3,3.85,4.92,6.53,9.2699995,15.12,52.81
Asia (excluding Middle East) (WID),2009,0.59000003,1.62,2.31,3.01,3.8899999,5.0099998,6.6200004,9.42,15.360001,52.179996
Asia (excluding Middle East) (WID),2010,0.61,1.5900002,2.25,2.95,3.83,4.98,6.6299996,9.47,15.6,52.09
Asia (excluding Middle East) (WID),2011,0.6,1.56,2.22,2.91,3.8,4.95,6.57,9.45,15.700001,52.24
Asia (excluding Middle East) (WID),2012,0.61,1.5699999,2.23,2.93,3.8400002,5.07,6.7599998,9.64,15.860001,51.5
Asia (excluding Middle East) (WID),2013,0.61,1.56,2.23,2.93,3.8,4.97,6.6200004,9.78,16.310001,51.2
Asia (excluding Middle East) (WID),2014,0.61,1.54,2.19,2.8999999,3.8,5.0099998,6.7000003,9.82,16.34,51.08
Asia (excluding Middle East) (WID),2015,0.61,1.55,2.2,2.91,3.8,5,6.69,9.79,16.240002,51.21
Asia (excluding Middle East) (WID),2016,0.70000005,1.52,2.14,2.84,3.7700002,5.13,7.13,10.25,15.639999,50.880005
Asia (excluding Middle East) (WID),2017,0.70000005,1.51,2.12,2.8100002,3.7300003,5.07,7.13,10.25,15.66,51
Asia (excluding Middle East) (WID),2018,0.70000005,1.52,2.11,2.79,3.7,5.0099998,7.0600004,10.18,15.559999,51.38
Asia (excluding Middle East) (WID),2019,0.73,1.55,2.15,2.83,3.7300003,5.04,7.1400003,10.41,15.92,50.5
Asia (excluding Middle East) (WID),2020,0.74,1.5699999,2.14,2.8000002,3.66,4.97,7.1000004,10.46,15.940001,50.61
Asia (excluding Middle East) (WID),2021,0.76,1.56,2.1299999,2.78,3.64,4.94,7.09,10.52,16.150002,50.440002
Asia (excluding Middle East) (WID),2022,0.74,1.52,2.08,2.72,3.5900002,4.89,6.9799995,10.39,16.1,50.980003
Asia (excluding Middle East) (WID),2023,0.75,1.56,2.1299999,2.78,3.64,4.94,6.9700003,10.43,16.210001,50.6
Australia,1911,0.8,1.97,2.96,3.9,4.8500004,6.18,7.76,9.849999,15.97,45.75
Australia,1912,0.19,1.5,2.86,4.25,5.72,7.3299994,8.76,11.110001,15.860001,42.43
Australia,1913,0.2,1.5799999,3.02,4.5,6.1099997,7.88,9.45,11.900001,16.37,39
Australia,1914,0.2,1.63,3.11,4.68,6.37,8.24,9.91,12.47,16.72,36.66
Australia,1915,0.22,1.68,3.21,4.82,6.61,8.6,10.37,12.9800005,17,34.51
Australia,1916,0.22,1.76,3.39,5.15,7.1400003,9.4,11.45,14.129999,17.44,29.929998
Australia,1917,0.22,1.75,3.3700001,5.11,7.05,9.26,11.25,13.959999,17.42,30.619999
Australia,1918,0.22,1.74,3.3500001,5.07,7,9.179999,11.150001,13.83,17.39,31.060001
Australia,1919,0.19,1.5,2.8799999,4.28,5.77,7.3700004,8.83,11.18,15.92,42.08
Australia,1920,0.22,1.68,3.22,4.8500004,6.6699996,8.68,10.4800005,13.099999,17.06,34.04
Australia,1921,0.2,1.5799999,3.02,4.5,6.1299996,7.88,9.47,11.95,16.43,38.83
Australia,1922,0.2,1.65,3.15,4.75,6.48,8.41,10.13,12.710001,16.869999,35.66
Australia,1923,0.19,1.5699999,3.01,4.5,6.0699997,7.8199997,9.39,11.85,16.35,39.239998
Australia,1924,0.2,1.5799999,3.02,4.5,6.0899997,7.8500004,9.43,11.88,16.39,39.05
Australia,1925,0.2,1.6,3.06,4.5899997,6.24,8.05,9.68,12.179999,16.59,37.81
Australia,1926,0.2,1.62,3.1,4.65,6.3199997,8.18,9.849999,12.38,16.689999,37.02
Australia,1927,0.2,1.5799999,3.02,4.5,6.1099997,7.88,9.46,11.91,16.4,38.93
Australia,1928,0.19,1.5699999,2.98,4.4500003,6.04,7.76,9.33,11.76,16.33,39.6
Australia,1929,0.2,1.65,3.15,4.75,6.48,8.41,10.15,12.720001,16.88,35.600002
Australia,1930,0.22,1.71,3.3,4.96,6.79,8.91,10.78,13.45,17.22,32.670002
Australia,1931,0.22,1.74,3.34,5.06,6.99,9.15,11.09,13.789999,17.380001,31.25
Australia,1932,0.22,1.75,3.3500001,5.07,7.01,9.179999,11.150001,13.85,17.4,31.029999
Australia,1933,0.22,1.68,3.21,4.82,6.61,8.6,10.38,12.99,17.03,34.45
Australia,1934,0.22,1.68,3.21,4.82,6.61,8.57,10.360001,12.95,17,34.58
Australia,1935,0.2,1.65,3.1800003,4.77,6.52,8.48,10.24,12.83,16.94,35.18
Australia,1936,0.2,1.6,3.06,4.6,6.26,8.08,9.7300005,12.23,16.599998,37.64
Australia,1937,0.22,1.71,3.2900002,4.94,6.8,8.88,10.76,13.38,17.23,32.8
Australia,1938,0.22,1.68,3.2,4.82,6.6,8.57,10.360001,12.92,17.01,34.63
Australia,1939,0.2,1.65,3.15,4.73,6.46,8.38,10.12,12.68,16.859999,35.78
Australia,1940,0.22,1.68,3.21,4.8300004,6.61,8.6,10.41,13.009999,17.02,34.41
Australia,1941,0.2,1.65,3.15,4.73,6.45,8.349999,10.1,12.65,16.83,35.88
Australia,1942,0.2,1.65,3.1800003,4.77,6.52,8.45,10.2,12.790001,16.93,35.32
Australia,1943,0.2,1.65,3.17,4.76,6.5099998,8.44,10.17,12.76,16.92,35.41
Australia,1944,0.22,1.72,3.3,4.99,6.88,8.95,10.83,13.490001,17.39,32.24
Australia,1945,0.22,1.78,3.42,5.17,7.1500006,9.4,11.45,14.139999,17.61,29.67
Australia,1946,0.22,1.71,3.3,4.96,6.8,8.91,10.79,13.420001,17.28,32.600002
Australia,1947,0.22,1.68,3.21,4.8500004,6.6200004,8.66,10.4800005,13.089999,16.97,34.23
Australia,1948,0.22,1.68,3.22,4.87,6.7000003,8.7300005,10.57,13.169999,16.93,33.91
Australia,1949,0.22,1.68,3.21,4.8500004,6.7000003,8.7,10.55,13.14,16.85,34.11
Australia,1950,0.2,1.65,3.2,4.88,6.78,9.28,11.45,13.36,15.719999,33.48
Australia,1951,0.22,1.79,3.44,5.23,7.2999997,11.38,14.129999,14.26,14.849999,27.39
Australia,1952,0.22,1.79,3.46,5.2400002,7.3299994,11.63,14.27,14.290001,14.79,26.980001
Australia,1953,0.23,1.8,3.48,5.27,7.36,11.61,14.300001,14.370001,14.920001,26.660002
Australia,1954,0.23,1.82,3.5,5.31,7.4,11.599999,14.34,14.46,15.05,26.31
Australia,1955,0.23,1.84,3.5100002,5.33,7.4100003,11.54,14.370001,14.55,15.19,26.03
Australia,1956,0.23,1.82,3.5,5.2999997,7.39,11.57,14.32,14.45,15.06,26.37
Australia,1957,0.23,1.84,3.5300002,5.37,7.5400004,12.57,14.120001,14.87,15.809999,24.130001
Australia,1958,0.22,1.77,3.4,5.12,7.0299997,9.179999,11.150001,13.879999,17.85,30.41
Australia,1959,0.23,1.8100001,3.46,5.25,7.2400002,9.5,11.54,14.300001,18,28.670002
Australia,1960,0.23,1.8100001,3.4699998,5.26,7.2599998,9.53,11.55,14.34,18.07,28.48
Australia,1961,0.22,1.79,3.46,5.2400002,7.23,9.46,11.55,14.360001,18.189999,28.490002
Australia,1962,0.22,1.78,3.42,5.17,7.1400003,9.36,11.45,14.290001,18.189999,28.98
Australia,1963,0.22,1.77,3.39,5.14,7.12,9.34,11.35,14.200001,18.099998,29.38
Australia,1964,0.22,1.79,3.46,5.2400002,7.2400002,9.5,11.469999,14.27,18.07,28.73
Australia,1965,0.23,1.8100001,3.4899998,5.26,7.27,9.55,11.559999,14.360001,18.109999,28.380001
Australia,1966,0.23,1.84,3.54,5.3599997,7.39,9.68,11.75,14.49,18.16,27.57
Australia,1967,0.23,1.84,3.5300002,5.3399997,7.3700004,9.660001,11.67,14.46,18.109999,27.79
